%YAML:1.0
---
TransMat: !!opencv-matrix
   rows: 3
   cols: 3
   dt: d
   data: [ -1.8709640375408225e+00, -2.3306275572567783e+00,
       1.7333086978728386e+03, -6.9203225685775527e-02,
       -5.9791586992509886e+00, 3.0761525849583986e+03,
       -5.8302090172172231e-05, -3.6751162458538303e-03, 1. ]