%YAML:1.0
---
TransMat: !!opencv-matrix
   rows: 3
   cols: 3
   dt: d
   data: [ -9.8758389823033410e-01, -2.2587849464175860e+00,
       1.2052815940145624e+03, -6.4820892174435443e-02,
       -4.8906405624777358e+00, 2.1938368600816148e+03,
       -6.0156081933563495e-05, -3.5450495537791928e-03, 1. ]